5.000000000000000000e-01
5.100000000000000089e-01
5.200000000000000178e-01
5.300000000000000266e-01
5.400000000000000355e-01
5.500000000000000444e-01
5.600000000000000533e-01
5.700000000000000622e-01
5.800000000000000711e-01
5.900000000000000799e-01
6.000000000000000888e-01
6.100000000000000977e-01
6.200000000000001066e-01
6.300000000000001155e-01
6.400000000000001243e-01
6.500000000000001332e-01
6.600000000000001421e-01
6.700000000000001510e-01
6.800000000000001599e-01
6.900000000000001688e-01
7.000000000000001776e-01
7.100000000000001865e-01
7.200000000000001954e-01
7.300000000000002043e-01
7.400000000000002132e-01
7.500000000000002220e-01
7.600000000000002309e-01
7.700000000000002398e-01
7.800000000000002487e-01
7.900000000000002576e-01
8.000000000000002665e-01
8.100000000000002753e-01
8.200000000000002842e-01
8.300000000000002931e-01
8.400000000000003020e-01
8.500000000000003109e-01
8.600000000000003197e-01
8.700000000000003286e-01
8.800000000000003375e-01
8.900000000000003464e-01
9.000000000000003553e-01
9.100000000000003642e-01
9.200000000000003730e-01
9.300000000000003819e-01
9.400000000000003908e-01
9.500000000000003997e-01
9.600000000000004086e-01
9.700000000000004174e-01
9.800000000000004263e-01
9.900000000000004352e-01
1.000000000000000000e+00
