4.895593494165715875e-01
4.918088456365081185e-01
4.910926086955608727e-01
4.926863267433665983e-01
4.949944751737168080e-01
4.940842386487426796e-01
4.928785646389938213e-01
4.917229648138288778e-01
4.929632360497750998e-01
4.933707269801648199e-01
4.966077562739096840e-01
4.934054165572986927e-01
4.930617365847018152e-01
4.942852243852101091e-01
4.970406529137855189e-01
4.918203365705918761e-01
4.920711460336353871e-01
4.933764613949038202e-01
4.950122346513616822e-01
4.946112977073032213e-01
4.941651805395987918e-01
4.948827894451430232e-01
4.917343018182672165e-01
4.951803000547280176e-01
4.921195001198468977e-01
4.918746490214986888e-01
4.963930892151828256e-01
4.975049188601753936e-01
4.920044519750217948e-01
4.923162693982562899e-01
4.918487610871830062e-01
4.907315050933134248e-01
4.964492254615139877e-01
4.959324767456622096e-01
4.927311591259704859e-01
4.930914172260355000e-01
4.946216723180312247e-01
4.935384650457028122e-01
4.931411770520610083e-01
4.974693764890434911e-01
4.907069695879466842e-01
4.903593261156111160e-01
4.937363275080345892e-01
4.947949324160689222e-01
4.930263507380601151e-01
4.924004149327643742e-01
4.933179201461210250e-01
4.926644240716225864e-01
4.917079540903717128e-01
4.914250500845244729e-01
4.951767468012032158e-01
4.930915473098287927e-01
4.921439829513934994e-01
4.945561475840538068e-01
4.953295906616140276e-01
4.905211156898517944e-01
4.938576871118534051e-01
4.937023828807676207e-01
4.928636789388839978e-01
4.929985255592326809e-01
4.950631090621214758e-01
4.934266095318424195e-01
4.936234695206083156e-01
4.934212739872180231e-01
4.919338817353591797e-01
4.925916472811254221e-01
4.949371668443002803e-01
4.936430252913450722e-01
4.953332216096538732e-01
4.955173728449512871e-01
4.945336410490278056e-01
4.938366986523692881e-01
4.941074270885966180e-01
4.933489538496002025e-01
4.921000845078465913e-01
4.969747962870699198e-01
4.955899577945160894e-01
4.936610247584424793e-01
4.912838583002531179e-01
4.950594368585460869e-01
4.917958307729375922e-01
4.911585576157794231e-01
4.926249593743131094e-01
4.953351860825638275e-01
4.908515872754700138e-01
4.931397900833783265e-01
4.939877132386957248e-01
4.920320682579470972e-01
4.940840017307522869e-01
4.910655226278404784e-01
4.939310496584957133e-01
4.921034732626201058e-01
4.963270947714035208e-01
4.938762537438464162e-01
4.930597894822110749e-01
4.956717604211434147e-01
4.912953455073543751e-01
4.964915826248417208e-01
4.934730171710962066e-01
4.929358455354023727e-01
